NAME : pairopt
TYPE : ACVRP
DIMENSION : 11
EDGE_WEIGHT_TYPE : EXPLICIT
EDGE_WEIGHT_FORMAT : FULL_MATRIX
CAPACITY : 23601
VEHICLES : 2
EDGE_WEIGHT_SECTION
100000 -100000 -100000 100000 100000 100000 100000 100000 100000 100000 100000 
100000 100000 1000000 2610 2531 1919 2723 431 2093 1786 -285 
100000 1000000 100000 2754 2681 2052 2858 -29 2210 1935 309 
0 0 0 100000 466 500 2200 2300 2388 702 2449 
0 0 0 466 100000 702 466 2455 702 500 2292 
0 0 0 500 702 100000 2388 500 2200 466 685 
0 0 0 2200 466 2388 100000 2851 500 702 2447 
0 0 0 2300 2455 500 2851 100000 2388 702 468 
0 0 0 2388 702 2200 500 2388 100000 466 684 
0 0 0 702 500 466 702 702 466 100000 495 
0 0 0 2449 2292 685 2447 468 684 495 100000 
DEMAND_SECTION
1 0
2 0
3 0
4 3966
5 3966
6 3966
7 3966
8 3966
9 3966
10 3966
11 3702
DEPOT_SECTION
1
EOF