NAME : amtsp
TYPE : ATSP
DIMENSION : 38
EDGE_WEIGHT_TYPE : EXPLICIT
EDGE_WEIGHT_FORMAT : FULL_MATRIX
EDGE_WEIGHT_SECTION
100000 -100000 100000 100000 100000 100000 100000 100000 100000 100000 100000 100000 100000 100000 100000 100000 100000 100000 100000 100000 100000 100000 100000 100000 100000 100000 100000 100000 100000 100000 100000 100000 100000 100000 100000 100000 100000 100000 
100000 100000 2568 2258 2076 2076 2258 2568 2258 1862 1592 1592 1862 2258 2076 1592 245 247 1592 2076 2076 1592 247 247 1592 2076 2258 1862 1592 1592 1862 2258 2568 2258 2076 2076 2258 2568 
0 0 100000 333 1800 2300 2800 3300 333 471 1918 2381 2861 3349 1800 1918 2214 2602 3036 3492 2300 2381 2602 2921 3300 3715 2800 2861 3036 3300 3628 4001 3300 3349 3492 3715 4001 4335 
0 0 333 100000 333 1800 2300 2800 1271 333 471 1918 2381 2861 1918 1800 1918 2214 2602 3036 2381 2300 2381 2602 2921 3300 2861 2800 2861 3036 3300 3628 3349 3300 3349 3492 3715 4001 
0 0 1800 333 100000 333 1800 2300 1918 471 333 471 1918 2381 2214 1918 1800 1918 2214 2602 2602 2381 2300 2381 2602 2921 3036 2861 2800 2861 3036 3300 3492 3349 3300 3349 3492 3715 
0 0 2300 1800 333 100000 333 1800 2381 1918 471 333 471 1918 2602 2214 1918 1800 1918 2214 2921 2602 2381 2300 2381 2602 3300 3036 2861 2800 2861 3036 3715 3492 3349 3300 3349 3492 
0 0 2800 2300 1800 333 100000 333 2861 2381 1918 471 333 471 3036 2602 2214 1918 1800 1918 3300 2921 2602 2381 2300 2381 3628 3300 3036 2861 2800 2861 4001 3715 3492 3349 3300 3349 
0 0 3300 2800 2300 1800 333 100000 3349 2861 2381 1918 471 333 3492 3036 2602 2214 1918 1800 3715 3300 2921 2602 2381 2300 4001 3628 3300 3036 2861 2800 4335 4001 3715 3492 3349 3300 
0 0 333 1271 1918 2381 2861 3349 100000 333 1800 2300 2800 3300 333 471 1918 2381 2861 3349 1800 1918 2214 2602 3036 3492 2300 2381 2602 2921 3300 3715 2800 2861 3036 3300 3628 4001 
0 0 471 333 471 1918 2381 2861 333 100000 333 1800 2300 2800 1271 333 471 1918 2381 2861 1918 1800 1918 2214 2602 3036 2381 2300 2381 2602 2921 3300 2861 2800 2861 3036 3300 3628 
0 0 1918 471 333 471 1918 2381 1800 333 100000 333 1800 2300 1918 471 333 471 1918 2381 2214 1918 1800 1918 2214 2602 2602 2381 2300 2381 2602 2921 3036 2861 2800 2861 3036 3300 
0 0 2381 1918 471 333 471 1918 2300 1800 333 100000 333 1800 2381 1918 471 333 471 1918 2602 2214 1918 1800 1918 2214 2921 2602 2381 2300 2381 2602 3300 3036 2861 2800 2861 3036 
0 0 2861 2381 1918 471 333 471 2800 2300 1800 333 100000 333 2861 2381 1918 471 333 471 3036 2602 2214 1918 1800 1918 3300 2921 2602 2381 2300 2381 3628 3300 3036 2861 2800 2861 
0 0 3349 2861 2381 1918 471 333 3300 2800 2300 1800 333 100000 3349 2861 2381 1918 471 333 3492 3036 2602 2214 1918 1800 3715 3300 2921 2602 2381 2300 4001 3628 3300 3036 2861 2800 
0 0 1800 1918 2214 2602 3036 3492 333 1271 1918 2381 2861 3349 100000 333 1800 2300 2800 3300 333 471 1918 2381 2861 3349 1800 1918 2214 2602 3036 3492 2300 2381 2602 2921 3300 3715 
0 0 1918 1800 1918 2214 2602 3036 471 333 471 1918 2381 2861 333 100000 333 1800 2300 2800 1271 333 471 1918 2381 2861 1918 1800 1918 2214 2602 3036 2381 2300 2381 2602 2921 3300 
0 0 2214 1918 1800 1918 2214 2602 1918 471 333 471 1918 2381 1800 333 100000 333 1800 2300 1918 471 333 471 1918 2381 2214 1918 1800 1918 2214 2602 2602 2381 2300 2381 2602 2921 
0 0 2602 2214 1918 1800 1918 2214 2381 1918 471 333 471 1918 2300 1800 333 100000 333 1800 2381 1918 471 333 471 1918 2602 2214 1918 1800 1918 2214 2921 2602 2381 2300 2381 2602 
0 0 3036 2602 2214 1918 1800 1918 2861 2381 1918 471 333 471 2800 2300 1800 333 100000 333 2861 2381 1918 471 333 471 3036 2602 2214 1918 1800 1918 3300 2921 2602 2381 2300 2381 
0 0 3492 3036 2602 2214 1918 1800 3349 2861 2381 1918 471 333 3300 2800 2300 1800 333 100000 3349 2861 2381 1918 471 333 3492 3036 2602 2214 1918 1800 3715 3300 2921 2602 2381 2300 
0 0 2300 2381 2602 2921 3300 3715 1800 1918 2214 2602 3036 3492 333 1271 1918 2381 2861 3349 100000 333 1800 2300 2800 3300 333 471 1918 2381 2861 3349 1800 1918 2214 2602 3036 3492 
0 0 2381 2300 2381 2602 2921 3300 1918 1800 1918 2214 2602 3036 471 333 471 1918 2381 2861 333 100000 333 1800 2300 2800 1271 333 471 1918 2381 2861 1918 1800 1918 2214 2602 3036 
0 0 2602 2381 2300 2381 2602 2921 2214 1918 1800 1918 2214 2602 1918 471 333 471 1918 2381 1800 333 100000 333 1800 2300 1918 471 333 471 1918 2381 2214 1918 1800 1918 2214 2602 
0 0 2921 2602 2381 2300 2381 2602 2602 2214 1918 1800 1918 2214 2381 1918 471 333 471 1918 2300 1800 333 100000 333 1800 2381 1918 471 333 471 1918 2602 2214 1918 1800 1918 2214 
0 0 3300 2921 2602 2381 2300 2381 3036 2602 2214 1918 1800 1918 2861 2381 1918 471 333 471 2800 2300 1800 333 100000 333 2861 2381 1918 471 333 471 3036 2602 2214 1918 1800 1918 
0 0 3715 3300 2921 2602 2381 2300 3492 3036 2602 2214 1918 1800 3349 2861 2381 1918 471 333 3300 2800 2300 1800 333 100000 3349 2861 2381 1918 471 333 3492 3036 2602 2214 1918 1800 
0 0 2800 2861 3036 3300 3628 4001 2300 2381 2602 2921 3300 3715 1800 1918 2214 2602 3036 3492 333 1271 1918 2381 2861 3349 100000 333 1800 2300 2800 3300 333 471 1918 2381 2861 3349 
0 0 2861 2800 2861 3036 3300 3628 2381 2300 2381 2602 2921 3300 1918 1800 1918 2214 2602 3036 471 333 471 1918 2381 2861 333 100000 333 1800 2300 2800 1271 333 471 1918 2381 2861 
0 0 3036 2861 2800 2861 3036 3300 2602 2381 2300 2381 2602 2921 2214 1918 1800 1918 2214 2602 1918 471 333 471 1918 2381 1800 333 100000 333 1800 2300 1918 471 333 471 1918 2381 
0 0 3300 3036 2861 2800 2861 3036 2921 2602 2381 2300 2381 2602 2602 2214 1918 1800 1918 2214 2381 1918 471 333 471 1918 2300 1800 333 100000 333 1800 2381 1918 471 333 471 1918 
0 0 3628 3300 3036 2861 2800 2861 3300 2921 2602 2381 2300 2381 3036 2602 2214 1918 1800 1918 2861 2381 1918 471 333 471 2800 2300 1800 333 100000 333 2861 2381 1918 471 333 471 
0 0 4001 3628 3300 3036 2861 2800 3715 3300 2921 2602 2381 2300 3492 3036 2602 2214 1918 1800 3349 2861 2381 1918 471 333 3300 2800 2300 1800 333 100000 3349 2861 2381 1918 471 333 
0 0 3300 3349 3492 3715 4001 4335 2800 2861 3036 3300 3628 4001 2300 2381 2602 2921 3300 3715 1800 1918 2214 2602 3036 3492 333 1271 1918 2381 2861 3349 100000 333 1800 2300 2800 3300 
0 0 3349 3300 3349 3492 3715 4001 2861 2800 2861 3036 3300 3628 2381 2300 2381 2602 2921 3300 1918 1800 1918 2214 2602 3036 471 333 471 1918 2381 2861 333 100000 333 1800 2300 2800 
0 0 3492 3349 3300 3349 3492 3715 3036 2861 2800 2861 3036 3300 2602 2381 2300 2381 2602 2921 2214 1918 1800 1918 2214 2602 1918 471 333 471 1918 2381 1800 333 100000 333 1800 2300 
0 0 3715 3492 3349 3300 3349 3492 3300 3036 2861 2800 2861 3036 2921 2602 2381 2300 2381 2602 2602 2214 1918 1800 1918 2214 2381 1918 471 333 471 1918 2300 1800 333 100000 333 1800 
0 0 4001 3715 3492 3349 3300 3349 3628 3300 3036 2861 2800 2861 3300 2921 2602 2381 2300 2381 3036 2602 2214 1918 1800 1918 2861 2381 1918 471 333 471 2800 2300 1800 333 100000 333 
0 0 4335 4001 3715 3492 3349 3300 4001 3628 3300 3036 2861 2800 3715 3300 2921 2602 2381 2300 3492 3036 2602 2214 1918 1800 3349 2861 2381 1918 471 333 3300 2800 2300 1800 333 100000 
